1    0	429	0	26.408127	search
1    0	722	0	22.461758	search
1    0	759	0	22.283463	search
1    0	928	0	22.24125	search
1    0	1299	0	22.14991	search
1    0	65	0	21.969263	search
1    0	413	0	21.775393	search
1    0	1265	0	21.616974	search
1    0	76	0	21.312872	search
1    0	1009	0	21.275757	search
1    0	1118	0	20.814934	search
1    0	820	0	20.392618	search
1    0	911	0	19.89374	search
1    0	60	0	19.8326	search
1    0	541	0	19.636625	search
1    0	1090	0	18.953331	search
1    0	1421	0	18.83844	search
1    0	1335	0	18.72822	search
1    0	17	0	18.641407	search
1    0	603	0	18.484348	search
2    0	309	0	15.91026	search
2    0	790	0	15.506799	search
2    0	488	0	15.059998	search
2    0	526	0	14.914372	search
2    0	1156	0	14.470548	search
2    0	420	0	14.353997	search
2    0	797	0	14.197484	search
2    0	597	0	13.858844	search
2    0	1138	0	13.77074	search
2    0	562	0	13.752574	search
2    0	1236	0	13.537807	search
2    0	445	0	13.456743	search
2    0	1399	0	13.066323	search
2    0	611	0	13.04213	search
2    0	1078	0	12.694108	search
2    0	840	0	12.552275	search
2    0	451	0	12.14747	search
2    0	778	0	11.881193	search
2    0	1071	0	11.773929	search
2    0	605	0	11.711802	search
3    0	1181	0	15.458551	search
3    0	540	0	11.694517	search
3    0	469	0	10.342072	search
3    0	160	0	9.80164	search
3    0	1235	0	9.739914	search
3    0	445	0	9.663578	search
3    0	1266	0	9.647319	search
3    0	168	0	9.28281	search
3    0	1179	0	9.206259	search
3    0	398	0	9.05416	search
3    0	1314	0	8.904688	search
3    0	60	0	8.84757	search
3    0	1358	0	8.506297	search
3    0	1077	0	8.27988	search
3    0	100	0	8.268212	search
3    0	1393	0	8.040263	search
3    0	1133	0	8.025396	search
3    0	17	0	7.903102	search
3    0	1118	0	7.841504	search
3    0	914	0	7.828433	search
4    0	601	0	14.395986	search
4    0	746	0	13.032175	search
4    0	420	0	12.989768	search
4    0	77	0	12.3613405	search
4    0	179	0	11.822599	search
4    0	1267	0	11.741932	search
4    0	565	0	11.639341	search
4    0	175	0	11.535235	search
4    0	320	0	11.497508	search
4    0	1224	0	11.296001	search
4    0	72	0	10.971266	search
4    0	790	0	10.847888	search
4    0	1341	0	10.55858	search
4    0	571	0	10.507286	search
4    0	483	0	10.419052	search
4    0	530	0	10.329858	search
4    0	1134	0	10.177891	search
4    0	643	0	10.046498	search
4    0	633	0	9.978736	search
4    0	1226	0	9.903892	search
5    0	560	0	15.683407	search
5    0	398	0	15.530463	search
5    0	828	0	15.47756	search
5    0	483	0	15.134891	search
5    0	1358	0	14.982069	search
5    0	648	0	14.812028	search
5    0	664	0	14.653852	search
5    0	1105	0	14.586407	search
5    0	471	0	14.499658	search
5    0	257	0	14.2501545	search
5    0	656	0	14.246469	search
5    0	445	0	14.107079	search
5    0	1214	0	14.047792	search
5    0	389	0	13.930158	search
5    0	907	0	13.807019	search
5    0	122	0	13.792135	search
5    0	160	0	13.739158	search
5    0	797	0	13.647144	search
5    0	1099	0	13.598415	search
5    0	630	0	13.174199	search
6    0	1045	0	13.843338	search
6    0	545	0	13.568973	search
6    0	1263	0	12.683733	search
6    0	398	0	12.409344	search
6    0	652	0	12.210028	search
6    0	542	0	11.967491	search
6    0	386	0	11.836373	search
6    0	1077	0	11.60442	search
6    0	63	0	11.4439945	search
6    0	530	0	11.275578	search
6    0	169	0	10.827086	search
6    0	312	0	10.739994	search
6    0	1241	0	10.719163	search
6    0	1235	0	10.713323	search
6    0	400	0	10.676068	search
6    0	1144	0	10.420619	search
6    0	1357	0	10.405696	search
6    0	1201	0	10.287183	search
6    0	1214	0	10.261201	search
6    0	96	0	10.241365	search
7    0	446	0	16.509365	search
7    0	530	0	16.352968	search
7    0	420	0	16.044233	search
7    0	507	0	15.963574	search
7    0	484	0	15.710762	search
7    0	835	0	15.216752	search
7    0	731	0	15.209593	search
7    0	748	0	14.943362	search
7    0	376	0	14.797815	search
7    0	1060	0	14.391916	search
7    0	648	0	14.001983	search
7    0	1391	0	13.972286	search
7    0	725	0	13.697288	search
7    0	1256	0	13.601815	search
7    0	150	0	13.58475	search
7    0	796	0	13.543522	search
7    0	728	0	13.477861	search
7    0	476	0	13.406112	search
7    0	156	0	13.38003	search
7    0	212	0	13.310226	search
8    0	434	0	14.934137	search
8    0	456	0	14.106083	search
8    0	1124	0	13.737441	search
8    0	796	0	13.303065	search
8    0	389	0	13.232342	search
8    0	60	0	12.993399	search
8    0	688	0	12.981428	search
8    0	159	0	12.929827	search
8    0	1139	0	12.815082	search
8    0	640	0	12.742735	search
8    0	1427	0	12.690371	search
8    0	746	0	12.406593	search
8    0	257	0	12.358138	search
8    0	160	0	12.006741	search
8    0	1118	0	11.862547	search
8    0	454	0	11.76631	search
8    0	817	0	11.73468	search
8    0	761	0	11.701525	search
8    0	572	0	11.671185	search
8    0	151	0	11.596184	search
9    0	1120	0	15.1066	search
9    0	571	0	14.792116	search
9    0	175	0	13.019498	search
9    0	565	0	12.80433	search
9    0	135	0	11.800741	search
9    0	179	0	11.736326	search
9    0	1294	0	11.570524	search
9    0	1327	0	11.428068	search
9    0	483	0	11.412963	search
9    0	1136	0	11.267867	search
9    0	790	0	11.048225	search
9    0	591	0	11.038639	search
9    0	71	0	10.899545	search
9    0	309	0	10.771206	search
9    0	1129	0	10.494782	search
9    0	1182	0	10.348318	search
9    0	17	0	10.295059	search
9    0	1224	0	10.148478	search
9    0	212	0	9.893936	search
9    0	488	0	9.812968	search
10    0	1385	0	13.324916	search
10    0	536	0	12.922575	search
10    0	829	0	10.951671	search
10    0	445	0	10.737704	search
10    0	315	0	10.65143	search
10    0	1244	0	10.175255	search
10    0	1411	0	10.105581	search
10    0	25	0	10.032501	search
10    0	1173	0	9.998817	search
10    0	1224	0	9.808342	search
10    0	574	0	9.664447	search
10    0	1124	0	9.611053	search
10    0	462	0	9.578064	search
10    0	471	0	9.217716	search
10    0	1117	0	9.145922	search
10    0	229	0	9.121232	search
10    0	575	0	8.873488	search
10    0	590	0	8.578212	search
10    0	564	0	8.452648	search
10    0	1054	0	8.396871	search
11    0	690	0	11.481128	search
11    0	474	0	10.376861	search
11    0	965	0	10.138053	search
11    0	147	0	10.100196	search
11    0	398	0	10.039643	search
11    0	1358	0	9.6383915	search
11    0	560	0	9.424766	search
11    0	525	0	9.323956	search
11    0	1089	0	9.1649275	search
11    0	166	0	9.022408	search
11    0	575	0	8.8778305	search
11    0	544	0	8.821129	search
11    0	471	0	8.694168	search
11    0	381	0	8.60224	search
11    0	497	0	8.5645685	search
11    0	771	0	8.523128	search
11    0	899	0	8.448217	search
11    0	125	0	8.434305	search
11    0	445	0	8.406677	search
11    0	937	0	8.2493	search
12    0	686	0	13.276578	search
12    0	725	0	12.509804	search
12    0	1167	0	12.423134	search
12    0	552	0	11.453757	search
12    0	543	0	11.192002	search
12    0	1182	0	11.023088	search
12    0	1209	0	10.942566	search
12    0	41	0	10.86422	search
12    0	1108	0	10.730718	search
12    0	1098	0	10.718837	search
12    0	748	0	10.493453	search
12    0	831	0	10.065233	search
12    0	1191	0	10.002006	search
12    0	1190	0	9.999521	search
12    0	89	0	9.872065	search
12    0	1157	0	9.558378	search
12    0	1266	0	9.419389	search
12    0	1418	0	9.265008	search
12    0	104	0	9.264298	search
12    0	721	0	9.1118555	search
13    0	611	0	18.513395	search
13    0	866	0	14.845926	search
13    0	565	0	13.913844	search
13    0	1375	0	13.696636	search
13    0	1130	0	13.600014	search
13    0	731	0	13.246506	search
13    0	889	0	13.239415	search
13    0	1120	0	12.97109	search
13    0	59	0	12.415575	search
13    0	486	0	12.293972	search
13    0	128	0	12.166293	search
13    0	137	0	12.143646	search
13    0	1098	0	11.888833	search
13    0	177	0	11.877299	search
13    0	381	0	11.57007	search
13    0	690	0	11.23745	search
13    0	986	0	11.139635	search
13    0	18	0	11.119368	search
13    0	519	0	11.110778	search
13    0	328	0	11.060527	search
14    0	1294	0	8.750347	search
14    0	24	0	8.630465	search
14    0	790	0	8.315849	search
14    0	72	0	8.149984	search
14    0	907	0	7.669553	search
14    0	1144	0	7.263746	search
14    0	1388	0	7.064207	search
14    0	401	0	6.8830957	search
14    0	210	0	6.7529225	search
14    0	661	0	6.5481496	search
14    0	659	0	6.3898206	search
14    0	891	0	6.2598057	search
14    0	382	0	6.0738087	search
14    0	1268	0	6.0702543	search
14    0	181	0	6.0383124	search
14    0	220	0	5.897092	search
14    0	193	0	5.8293386	search
14    0	1429	0	5.80939	search
14    0	216	0	5.770835	search
14    0	596	0	5.726161	search
15    0	515	0	16.936356	search
15    0	6	0	16.640142	search
15    0	255	0	16.539146	search
15    0	177	0	15.615496	search
15    0	490	0	15.528696	search
15    0	860	0	15.468952	search
15    0	849	0	15.4482155	search
15    0	591	0	14.3405	search
15    0	17	0	14.214972	search
15    0	575	0	14.051871	search
15    0	1264	0	13.422917	search
15    0	375	0	13.402718	search
15    0	364	0	13.161196	search
15    0	382	0	12.999365	search
15    0	611	0	12.992971	search
15    0	615	0	12.980253	search
15    0	1027	0	12.795925	search
15    0	865	0	12.761655	search
15    0	979	0	12.668691	search
15    0	642	0	12.19482	search
16    0	883	0	14.810497	search
16    0	24	0	13.234842	search
16    0	907	0	13.167621	search
16    0	716	0	11.806997	search
16    0	611	0	11.623165	search
16    0	1307	0	11.450554	search
16    0	389	0	11.223065	search
16    0	534	0	11.212454	search
16    0	445	0	10.976096	search
16    0	364	0	10.744844	search
16    0	1018	0	10.466288	search
16    0	60	0	10.425306	search
16    0	828	0	10.379821	search
16    0	379	0	10.3427725	search
16    0	1051	0	10.204408	search
16    0	1054	0	10.1097145	search
16    0	1258	0	10.096599	search
16    0	131	0	10.026485	search
16    0	630	0	9.848493	search
16    0	1148	0	9.830785	search
17    0	252	0	18.00501	search
17    0	1404	0	11.914418	search
17    0	594	0	10.669538	search
17    0	520	0	10.565651	search
17    0	773	0	10.384429	search
17    0	104	0	10.203051	search
17    0	967	0	10.08415	search
17    0	608	0	9.675253	search
17    0	528	0	9.588846	search
17    0	319	0	9.525564	search
17    0	512	0	9.190395	search
17    0	1158	0	9.042362	search
17    0	503	0	8.800752	search
17    0	625	0	8.6590605	search
17    0	1255	0	8.542646	search
17    0	739	0	8.529743	search
17    0	571	0	8.505177	search
17    0	1108	0	8.358924	search
17    0	123	0	8.258245	search
17    0	51	0	8.227577	search
18    0	668	0	33.903507	search
18    0	669	0	23.90271	search
18    0	1452	0	22.24446	search
18    0	175	0	21.298248	search
18    0	671	0	20.781696	search
18    0	1092	0	19.990492	search
18    0	705	0	19.8427	search
18    0	694	0	19.012861	search
18    0	715	0	18.221931	search
18    0	1261	0	17.901695	search
18    0	569	0	17.712893	search
18    0	746	0	17.156265	search
18    0	179	0	16.936357	search
18    0	890	0	16.774504	search
18    0	564	0	16.66957	search
18    0	150	0	16.398245	search
18    0	419	0	16.330639	search
18    0	673	0	16.27256	search
18    0	698	0	16.201996	search
18    0	682	0	16.058891	search
19    0	175	0	16.563253	search
19    0	179	0	16.50364	search
19    0	527	0	16.476294	search
19    0	689	0	16.23483	search
19    0	252	0	16.093058	search
19    0	487	0	15.4757595	search
19    0	1327	0	15.239369	search
19    0	483	0	15.201733	search
19    0	810	0	15.175579	search
19    0	419	0	14.754816	search
19    0	579	0	14.717103	search
19    0	862	0	14.232466	search
19    0	820	0	14.107978	search
19    0	706	0	14.081473	search
19    0	1415	0	13.1506195	search
19    0	562	0	13.129884	search
19    0	71	0	13.117619	search
19    0	1180	0	13.063325	search
19    0	1298	0	13.044809	search
19    0	477	0	12.703735	search
20    0	287	0	10.005328	search
20    0	336	0	8.95656	search
20    0	180	0	8.729351	search
20    0	406	0	8.505428	search
20    0	990	0	8.261954	search
20    0	916	0	8.259988	search
20    0	177	0	7.9159775	search
20    0	572	0	7.6177726	search
20    0	1139	0	7.5987954	search
20    0	1042	0	7.5975866	search
20    0	865	0	7.5257015	search
20    0	979	0	7.4534025	search
20    0	917	0	7.2877626	search
20    0	970	0	7.198321	search
20    0	849	0	7.0588846	search
20    0	136	0	7.048467	search
20    0	874	0	7.037512	search
20    0	595	0	6.971963	search
20    0	134	0	6.9662647	search
20    0	860	0	6.8972616	search
21    0	216	0	10.215352	search
21    0	339	0	9.301187	search
21    0	896	0	7.9690437	search
21    0	131	0	7.82096	search
21    0	475	0	7.600129	search
21    0	186	0	7.416443	search
21    0	1206	0	7.415717	search
21    0	137	0	7.238346	search
21    0	1099	0	7.1934786	search
21    0	373	0	7.137509	search
21    0	721	0	7.1159077	search
21    0	1205	0	7.1128654	search
21    0	307	0	6.9220486	search
21    0	133	0	6.799097	search
21    0	1321	0	6.757233	search
21    0	252	0	6.718801	search
21    0	163	0	6.34345	search
21    0	585	0	6.296618	search
21    0	1015	0	6.274788	search
21    0	553	0	6.1094294	search
22    0	216	0	8.738142	search
22    0	1114	0	8.685962	search
22    0	917	0	8.569111	search
22    0	410	0	8.192262	search
22    0	1027	0	8.157334	search
22    0	136	0	8.148992	search
22    0	215	0	7.6029034	search
22    0	970	0	7.5640182	search
22    0	986	0	7.438404	search
22    0	336	0	7.0269313	search
22    0	174	0	6.9523964	search
22    0	180	0	6.891918	search
22    0	220	0	6.829248	search
22    0	406	0	6.7258368	search
22    0	990	0	6.724375	search
22    0	221	0	6.69928	search
22    0	572	0	6.6980605	search
22    0	148	0	6.681211	search
22    0	916	0	6.6370687	search
22    0	177	0	6.461475	search
23    0	990	0	15.073868	search
23    0	406	0	12.739049	search
23    0	916	0	12.487512	search
23    0	1114	0	12.358962	search
23    0	177	0	11.9323435	search
23    0	874	0	11.890222	search
23    0	202	0	11.772286	search
23    0	979	0	11.451792	search
23    0	11	0	11.348781	search
23    0	917	0	10.824675	search
23    0	174	0	10.709193	search
23    0	336	0	10.577032	search
23    0	36	0	10.54175	search
23    0	1193	0	10.474442	search
23    0	136	0	10.030774	search
23    0	114	0	9.914477	search
23    0	865	0	9.807122	search
23    0	1037	0	9.635681	search
23    0	970	0	9.447764	search
23    0	593	0	9.348024	search
24    0	896	0	30.422115	search
24    0	924	0	29.907871	search
24    0	934	0	22.984676	search
24    0	1423	0	22.50345	search
24    0	1166	0	20.457998	search
24    0	923	0	20.102068	search
24    0	648	0	19.77918	search
24    0	692	0	19.32726	search
24    0	1325	0	19.012014	search
24    0	22	0	17.851711	search
24    0	405	0	17.701405	search
24    0	1403	0	17.45359	search
24    0	910	0	17.382977	search
24    0	1007	0	17.263298	search
24    0	1239	0	17.17945	search
24    0	1275	0	16.920776	search
24    0	144	0	16.844965	search
24    0	216	0	16.831745	search
24    0	945	0	16.691046	search
24    0	1206	0	16.662718	search
25    0	1284	0	12.771633	search
25    0	421	0	10.485012	search
25    0	440	0	9.608572	search
25    0	1435	0	9.394315	search
25    0	1289	0	9.367423	search
25    0	1231	0	8.743007	search
25    0	873	0	8.200608	search
25    0	482	0	8.129625	search
25    0	323	0	8.061708	search
25    0	611	0	7.891801	search
25    0	49	0	7.8414326	search
25    0	1256	0	7.729257	search
25    0	1298	0	7.6370044	search
25    0	591	0	7.586554	search
25    0	1436	0	7.4978065	search
25    0	1078	0	7.49278	search
25    0	1362	0	7.449294	search
25    0	360	0	7.4027977	search
25    0	866	0	7.2834916	search
25    0	947	0	7.270586	search
26    0	865	0	15.435708	search
26    0	860	0	15.067952	search
26    0	979	0	14.607198	search
26    0	639	0	13.405775	search
26    0	281	0	12.726648	search
26    0	490	0	12.123335	search
26    0	840	0	12.086487	search
26    0	615	0	12.030172	search
26    0	591	0	12.021004	search
26    0	336	0	11.939238	search
26    0	849	0	11.899041	search
26    0	690	0	11.7610855	search
26    0	584	0	11.700953	search
26    0	1358	0	11.475429	search
26    0	468	0	11.423235	search
26    0	974	0	11.302762	search
26    0	74	0	11.226438	search
26    0	158	0	11.072306	search
26    0	299	0	11.022063	search
26    0	1417	0	10.995961	search
27    0	1197	0	16.079973	search
27    0	375	0	15.413623	search
27    0	680	0	15.196676	search
27    0	1078	0	14.835937	search
27    0	798	0	13.67957	search
27    0	1293	0	13.63654	search
27    0	727	0	13.384585	search
27    0	773	0	13.18894	search
27    0	876	0	12.892082	search
27    0	30	0	12.800193	search
27    0	461	0	12.610316	search
27    0	512	0	12.59928	search
27    0	869	0	12.086883	search
27    0	74	0	11.907277	search
27    0	693	0	11.8526125	search
27    0	376	0	11.764514	search
27    0	257	0	11.622503	search
27    0	1193	0	11.530128	search
27    0	696	0	11.225	search
27    0	675	0	11.112146	search
28    0	618	0	11.288714	search
28    0	696	0	10.314184	search
28    0	1460	0	10.110661	search
28    0	641	0	9.888918	search
28    0	116	0	9.7924385	search
28    0	1092	0	9.033036	search
28    0	1120	0	8.673987	search
28    0	676	0	8.639624	search
28    0	156	0	8.485783	search
28    0	1164	0	8.463904	search
28    0	1162	0	8.328993	search
28    0	1114	0	8.245635	search
28    0	114	0	7.7462816	search
28    0	460	0	7.5723243	search
28    0	375	0	7.4689984	search
28    0	117	0	7.3876433	search
28    0	85	0	7.3825703	search
28    0	198	0	7.3508635	search
28    0	461	0	7.3333187	search
28    0	1293	0	7.3306327	search
29    0	869	0	10.863174	search
29    0	773	0	9.855109	search
29    0	377	0	8.758972	search
29    0	1419	0	8.580622	search
29    0	512	0	8.114201	search
29    0	74	0	7.9082756	search
29    0	390	0	7.7395515	search
29    0	1197	0	7.6657686	search
29    0	1144	0	7.554745	search
29    0	1356	0	7.337207	search
29    0	715	0	7.182369	search
29    0	824	0	7.1782985	search
29    0	680	0	7.15672	search
29    0	595	0	6.9962177	search
29    0	1445	0	6.9036455	search
29    0	817	0	6.7979903	search
29    0	61	0	6.6623807	search
29    0	798	0	6.594864	search
29    0	49	0	6.5705175	search
29    0	876	0	6.54222	search
30    0	112	0	10.122942	search
30    0	1078	0	8.802447	search
30    0	225	0	7.9882193	search
30    0	18	0	7.86029	search
30    0	440	0	7.8452997	search
30    0	198	0	7.816305	search
30    0	1114	0	7.7147937	search
30    0	676	0	7.5596323	search
30    0	1097	0	7.5373955	search
30    0	905	0	7.5352917	search
30    0	1109	0	7.4568043	search
30    0	10	0	7.399189	search
30    0	111	0	7.2347336	search
30    0	1241	0	7.1991014	search
30    0	1055	0	7.149277	search
30    0	1432	0	6.900047	search
30    0	121	0	6.80354	search
30    0	183	0	6.798436	search
30    0	199	0	6.7561407	search
30    0	381	0	6.703806	search
31    0	535	0	9.523152	search
31    0	85	0	9.099249	search
31    0	1297	0	8.869088	search
31    0	1370	0	8.672817	search
31    0	1299	0	8.490645	search
31    0	1428	0	8.489614	search
31    0	1208	0	8.355653	search
31    0	1207	0	7.5195827	search
31    0	1348	0	7.288444	search
31    0	313	0	7.228443	search
31    0	545	0	7.1776576	search
31    0	614	0	6.9548206	search
31    0	889	0	6.893685	search
31    0	1309	0	6.8861694	search
31    0	1386	0	6.772354	search
31    0	104	0	6.708139	search
31    0	1387	0	6.6866283	search
31    0	111	0	6.5843163	search
31    0	1346	0	6.561414	search
31    0	1338	0	6.555079	search
32    0	916	0	18.127996	search
32    0	865	0	16.930748	search
32    0	1421	0	16.243313	search
32    0	336	0	16.138044	search
32    0	849	0	16.104296	search
32    0	1118	0	15.66984	search
32    0	820	0	15.461677	search
32    0	52	0	15.31882	search
32    0	17	0	15.163261	search
32    0	64	0	15.104074	search
32    0	680	0	14.41606	search
32    0	830	0	14.384781	search
32    0	195	0	13.744017	search
32    0	1298	0	13.418607	search
32    0	77	0	13.27511	search
32    0	200	0	13.229806	search
32    0	773	0	13.20772	search
32    0	451	0	13.106554	search
32    0	1193	0	13.105515	search
32    0	553	0	13.086308	search
33    0	180	0	15.580987	search
33    0	1081	0	14.608514	search
33    0	492	0	13.0692215	search
33    0	630	0	12.497305	search
33    0	57	0	12.336233	search
33    0	376	0	12.132112	search
33    0	1365	0	12.00386	search
33    0	67	0	11.7381315	search
33    0	1078	0	11.481224	search
33    0	519	0	11.428323	search
33    0	378	0	10.983998	search
33    0	336	0	10.953322	search
33    0	980	0	10.82601	search
33    0	644	0	10.789444	search
33    0	615	0	10.589008	search
33    0	66	0	10.495961	search
33    0	433	0	10.4500265	search
33    0	676	0	10.408702	search
33    0	445	0	10.391033	search
33    0	318	0	10.337866	search
34    0	530	0	11.038184	search
34    0	668	0	9.996889	search
34    0	34	0	9.774307	search
34    0	1391	0	9.53964	search
34    0	675	0	9.379696	search
34    0	773	0	9.130149	search
34    0	1180	0	9.091485	search
34    0	1199	0	9.054788	search
34    0	680	0	8.862937	search
34    0	521	0	8.813071	search
34    0	798	0	8.692201	search
34    0	802	0	8.46156	search
34    0	527	0	8.447117	search
34    0	72	0	8.310714	search
34    0	593	0	8.149628	search
34    0	53	0	8.100284	search
34    0	326	0	8.092133	search
34    0	117	0	8.0598545	search
34    0	708	0	7.961159	search
34    0	670	0	7.890726	search
35    0	1207	0	13.09321	search
35    0	385	0	12.997941	search
35    0	286	0	12.823699	search
35    0	18	0	12.7719755	search
35    0	375	0	12.724693	search
35    0	1362	0	11.638433	search
35    0	1145	0	11.129491	search
35    0	910	0	10.774656	search
35    0	130	0	10.140743	search
35    0	947	0	10.05603	search
35    0	466	0	9.806257	search
35    0	1298	0	9.361422	search
35    0	421	0	9.162383	search
35    0	1245	0	9.100517	search
35    0	338	0	8.581214	search
35    0	1264	0	8.507199	search
35    0	250	0	8.450741	search
35    0	179	0	8.437725	search
35    0	392	0	8.329404	search
35    0	340	0	8.310751	search
36    0	1118	0	34.958847	search
36    0	1409	0	32.971577	search
36    0	1129	0	31.039848	search
36    0	320	0	30.835218	search
36    0	1161	0	29.77842	search
36    0	760	0	29.607874	search
36    0	1164	0	28.672945	search
36    0	1162	0	28.227568	search
36    0	174	0	26.564194	search
36    0	1382	0	25.35668	search
36    0	1224	0	24.315825	search
36    0	556	0	24.101439	search
36    0	1124	0	24.02915	search
36    0	1185	0	23.09867	search
36    0	1443	0	22.844324	search
36    0	213	0	22.324718	search
36    0	1267	0	21.703323	search
36    0	432	0	21.11814	search
36    0	1045	0	21.065626	search
36    0	168	0	20.575172	search
37    0	212	0	35.915817	search
37    0	79	0	35.407227	search
37    0	562	0	34.44849	search
37    0	1152	0	34.276222	search
37    0	653	0	32.30396	search
37    0	798	0	31.08476	search
37    0	1091	0	30.025522	search
37    0	1381	0	29.758482	search
37    0	688	0	28.663551	search
37    0	661	0	28.6418	search
37    0	531	0	28.256495	search
37    0	150	0	28.239765	search
37    0	680	0	27.820995	search
37    0	478	0	27.386967	search
37    0	600	0	26.586943	search
37    0	446	0	26.191225	search
37    0	1419	0	25.797606	search
37    0	151	0	25.401419	search
37    0	1392	0	25.27033	search
37    0	551	0	24.555754	search
38    0	1392	0	34.685066	search
38    0	1215	0	32.377975	search
38    0	212	0	31.987358	search
38    0	150	0	31.224781	search
38    0	478	0	31.038538	search
38    0	51	0	30.250044	search
38    0	820	0	29.546959	search
38    0	445	0	29.493929	search
38    0	17	0	29.098711	search
38    0	504	0	28.995817	search
38    0	310	0	28.991604	search
38    0	315	0	28.50496	search
38    0	761	0	28.359823	search
38    0	329	0	28.192785	search
38    0	79	0	28.028284	search
38    0	321	0	27.880484	search
38    0	600	0	27.483856	search
38    0	140	0	27.270233	search
38    0	38	0	27.185287	search
38    0	634	0	27.023348	search
39    0	896	0	53.864025	search
39    0	1349	0	34.282707	search
39    0	946	0	33.81341	search
39    0	216	0	33.67959	search
39    0	388	0	33.2404	search
39    0	1205	0	31.972143	search
39    0	1328	0	31.606539	search
39    0	924	0	31.20589	search
39    0	17	0	30.812626	search
39    0	612	0	30.731363	search
39    0	459	0	30.6745	search
39    0	847	0	29.54117	search
39    0	593	0	28.60186	search
39    0	648	0	28.5803	search
39    0	124	0	28.123455	search
39    0	408	0	27.95327	search
39    0	405	0	27.596504	search
39    0	1134	0	27.490742	search
39    0	323	0	26.295578	search
39    0	911	0	26.002005	search
40    0	17	0	36.68992	search
40    0	1027	0	29.367748	search
40    0	1118	0	28.676605	search
40    0	769	0	28.124447	search
40    0	828	0	25.331732	search
40    0	138	0	24.771484	search
40    0	664	0	24.41661	search
40    0	177	0	24.164387	search
40    0	1443	0	23.957726	search
40    0	1234	0	23.179466	search
40    0	888	0	22.806524	search
40    0	661	0	22.633305	search
40    0	1248	0	22.575537	search
40    0	1079	0	22.45606	search
40    0	389	0	22.135544	search
40    0	816	0	21.709236	search
40    0	409	0	21.412144	search
40    0	1043	0	21.110682	search
40    0	482	0	21.091122	search
40    0	838	0	20.906956	search
41    0	388	0	38.250374	search
41    0	798	0	33.66846	search
41    0	848	0	31.814425	search
41    0	61	0	30.36069	search
41    0	62	0	30.044334	search
41    0	1066	0	28.49249	search
41    0	510	0	26.884394	search
41    0	872	0	26.63466	search
41    0	1014	0	26.244257	search
41    0	825	0	25.958538	search
41    0	719	0	25.624434	search
41    0	326	0	25.530035	search
41    0	86	0	25.20358	search
41    0	351	0	24.760923	search
41    0	1189	0	24.666079	search
41    0	772	0	24.595562	search
41    0	259	0	24.251635	search
41    0	263	0	23.47783	search
41    0	209	0	23.211418	search
41    0	758	0	23.186153	search
42    0	17	0	23.968224	search
42    0	254	0	23.697905	search
42    0	1179	0	23.11076	search
42    0	896	0	23.10876	search
42    0	131	0	22.724638	search
42    0	459	0	22.434849	search
42    0	413	0	22.099974	search
42    0	971	0	21.073381	search
42    0	160	0	20.899162	search
42    0	953	0	20.503286	search
42    0	123	0	20.276922	search
42    0	138	0	20.20311	search
42    0	1046	0	20.201088	search
42    0	320	0	20.104046	search
42    0	575	0	19.961815	search
42    0	259	0	19.795403	search
42    0	458	0	19.709692	search
42    0	538	0	19.709692	search
42    0	114	0	19.549932	search
42    0	1259	0	19.248545	search
43    0	419	0	27.5848	search
43    0	27	0	27.297318	search
43    0	477	0	27.184656	search
43    0	1327	0	26.263319	search
43    0	388	0	25.906023	search
43    0	722	0	25.360926	search
43    0	1255	0	24.540184	search
43    0	1431	0	24.229683	search
43    0	17	0	23.898836	search
43    0	114	0	23.516298	search
43    0	200	0	23.42611	search
43    0	889	0	23.268213	search
43    0	805	0	22.551796	search
43    0	478	0	22.339775	search
43    0	159	0	22.154663	search
43    0	374	0	22.006332	search
43    0	148	0	21.880684	search
43    0	1444	0	21.735289	search
43    0	819	0	21.623255	search
43    0	500	0	21.50263	search
44    0	986	0	41.416325	search
44    0	1335	0	41.03798	search
44    0	977	0	39.343124	search
44    0	1460	0	39.067528	search
44    0	770	0	38.623558	search
44    0	691	0	38.58472	search
44    0	821	0	36.946476	search
44    0	17	0	36.07488	search
44    0	588	0	35.189816	search
44    0	1210	0	34.7571	search
44    0	41	0	33.85382	search
44    0	560	0	32.671715	search
44    0	1167	0	32.508743	search
44    0	1432	0	32.201256	search
44    0	253	0	31.725296	search
44    0	686	0	31.484676	search
44    0	203	0	30.997316	search
44    0	1083	0	30.9842	search
44    0	1176	0	30.45394	search
44    0	933	0	29.78933	search
45    0	177	0	48.268097	search
45    0	406	0	42.848236	search
45    0	916	0	42.638744	search
45    0	860	0	42.506634	search
45    0	336	0	42.49348	search
45    0	1212	0	41.01569	search
45    0	136	0	40.94117	search
45    0	281	0	40.552666	search
45    0	849	0	40.230858	search
45    0	178	0	38.878487	search
45    0	1027	0	37.30081	search
45    0	11	0	37.26265	search
45    0	17	0	36.7163	search
45    0	990	0	36.68617	search
45    0	917	0	36.320873	search
45    0	6	0	35.45662	search
45    0	979	0	34.570267	search
45    0	970	0	34.537586	search
45    0	874	0	33.803963	search
45    0	24	0	33.72847	search
46    0	888	0	49.06237	search
46    0	352	0	48.35608	search
46    0	374	0	46.053383	search
46    0	177	0	44.62172	search
46    0	922	0	42.60031	search
46    0	305	0	41.41479	search
46    0	250	0	41.348316	search
46    0	408	0	41.1138	search
46    0	1324	0	40.6065	search
46    0	842	0	40.595695	search
46    0	178	0	40.490135	search
46    0	376	0	39.41623	search
46    0	706	0	38.89941	search
46    0	12	0	38.853542	search
46    0	1193	0	38.111164	search
46    0	64	0	38.01513	search
46    0	979	0	37.486866	search
46    0	17	0	37.30519	search
46    0	1003	0	37.125294	search
46    0	115	0	36.911526	search
47    0	873	0	37.65027	search
47    0	664	0	37.117893	search
47    0	130	0	35.855133	search
47    0	996	0	35.265064	search
47    0	1256	0	34.864235	search
47    0	1248	0	34.624023	search
47    0	1245	0	34.544685	search
47    0	12	0	33.973305	search
47    0	487	0	33.174797	search
47    0	257	0	32.678467	search
47    0	769	0	32.486504	search
47    0	889	0	32.404297	search
47    0	796	0	32.09693	search
47    0	323	0	31.93039	search
47    0	131	0	31.209835	search
47    0	1189	0	30.944775	search
47    0	160	0	30.159805	search
47    0	1231	0	30.027523	search
47    0	351	0	29.891453	search
47    0	1153	0	29.086094	search
48    0	257	0	50.149204	search
48    0	381	0	44.25675	search
48    0	131	0	44.110287	search
48    0	375	0	41.80819	search
48    0	462	0	40.172127	search
48    0	388	0	39.67735	search
48    0	151	0	37.59119	search
48    0	445	0	37.009182	search
48    0	1009	0	36.492786	search
48    0	160	0	36.111378	search
48    0	373	0	35.715054	search
48    0	17	0	35.693672	search
48    0	323	0	35.446484	search
48    0	839	0	35.353382	search
48    0	636	0	34.86806	search
48    0	363	0	34.808937	search
48    0	497	0	34.74915	search
48    0	1120	0	34.719173	search
48    0	1408	0	34.51753	search
48    0	1045	0	34.499878	search
49    0	866	0	56.206524	search
49    0	544	0	54.80286	search
49    0	545	0	53.777546	search
49    0	664	0	53.755146	search
49    0	1273	0	52.943905	search
49    0	1082	0	52.24292	search
49    0	323	0	47.03594	search
49    0	96	0	46.057625	search
49    0	17	0	45.044155	search
49    0	151	0	44.760998	search
49    0	140	0	43.63655	search
49    0	136	0	43.411263	search
49    0	1027	0	43.296062	search
49    0	1130	0	43.196915	search
49    0	459	0	42.47226	search
49    0	769	0	42.456585	search
49    0	504	0	42.298355	search
49    0	132	0	42.004265	search
49    0	1202	0	41.847843	search
49    0	496	0	41.396084	search
50    0	838	0	68.44989	search
50    0	388	0	64.90016	search
50    0	261	0	57.28976	search
50    0	1430	0	48.441498	search
50    0	1259	0	45.99627	search
50    0	1442	0	44.297493	search
50    0	989	0	43.76871	search
50    0	16	0	43.06397	search
50    0	151	0	43.0334	search
50    0	1202	0	42.91773	search
50    0	1	0	42.530704	search
50    0	263	0	42.266785	search
50    0	966	0	42.09377	search
50    0	1066	0	41.957108	search
50    0	746	0	41.513554	search
50    0	1075	0	40.54751	search
50    0	257	0	40.162067	search
50    0	661	0	39.50906	search
50    0	485	0	39.31672	search
50    0	434	0	37.927242	search
51    0	1124	0	39.219444	search
51    0	1118	0	38.408867	search
51    0	1222	0	38.120415	search
51    0	1139	0	35.225822	search
51    0	1175	0	35.00219	search
51    0	1171	0	33.29495	search
51    0	1120	0	31.288921	search
51    0	478	0	27.365799	search
51    0	1448	0	25.018744	search
51    0	151	0	22.22517	search
51    0	78	0	21.652952	search
51    0	664	0	21.189913	search
51    0	176	0	20.805426	search
51    0	30	0	20.531906	search
51    0	434	0	19.774345	search
51    0	595	0	19.761232	search
51    0	798	0	19.647512	search
51    0	1073	0	19.302498	search
51    0	668	0	18.718712	search
51    0	1277	0	18.644672	search
52    0	382	0	57.612335	search
52    0	986	0	52.377106	search
52    0	210	0	42.831757	search
52    0	452	0	41.36768	search
52    0	194	0	39.13596	search
52    0	586	0	37.392918	search
52    0	1147	0	36.63073	search
52    0	547	0	36.370968	search
52    0	1055	0	36.21486	search
52    0	220	0	34.506092	search
52    0	883	0	34.504513	search
52    0	195	0	34.224854	search
52    0	1051	0	33.98801	search
52    0	624	0	33.74195	search
52    0	889	0	33.14395	search
52    0	828	0	33.139416	search
52    0	1255	0	32.832848	search
52    0	790	0	32.12112	search
52    0	72	0	31.977888	search
52    0	888	0	31.428747	search
53    0	177	0	47.937122	search
53    0	17	0	42.284916	search
53    0	1330	0	41.69179	search
53    0	1249	0	40.52622	search
53    0	1027	0	38.614143	search
53    0	905	0	38.268444	search
53    0	828	0	38.13526	search
53    0	147	0	37.075066	search
53    0	66	0	36.00042	search
53    0	865	0	35.970306	search
53    0	916	0	35.728016	search
53    0	141	0	35.52824	search
53    0	476	0	35.409836	search
53    0	860	0	35.268112	search
53    0	364	0	34.497765	search
53    0	544	0	34.0079	search
53    0	611	0	33.46018	search
53    0	664	0	33.186867	search
53    0	180	0	32.753227	search
53    0	1147	0	32.47404	search
54    0	916	0	32.82882	search
54    0	177	0	29.997942	search
54    0	17	0	29.972878	search
54    0	141	0	28.826813	search
54    0	1457	0	27.762703	search
54    0	283	0	26.187374	search
54    0	1008	0	25.231647	search
54    0	187	0	25.071384	search
54    0	22	0	24.2162	search
54    0	913	0	24.167149	search
54    0	1268	0	24.164576	search
54    0	816	0	23.821714	search
54    0	947	0	23.629168	search
54    0	1318	0	23.529182	search
54    0	323	0	23.395086	search
54    0	264	0	23.378384	search
54    0	293	0	22.928843	search
54    0	917	0	22.920008	search
54    0	1212	0	22.739307	search
54    0	136	0	22.71393	search
55    0	382	0	46.41607	search
55    0	883	0	37.74533	search
55    0	986	0	37.478443	search
55    0	1051	0	35.285603	search
55    0	452	0	31.941032	search
55    0	608	0	31.328665	search
55    0	806	0	30.955122	search
55    0	603	0	30.309122	search
55    0	526	0	27.614697	search
55    0	828	0	26.199677	search
55    0	75	0	24.298313	search
55    0	72	0	24.223404	search
55    0	586	0	22.271637	search
55    0	446	0	21.524033	search
55    0	445	0	20.13298	search
55    0	547	0	20.013083	search
55    0	194	0	19.483257	search
55    0	705	0	19.0915	search
55    0	810	0	18.68747	search
55    0	615	0	17.998941	search
56    0	798	0	31.386738	search
56    0	275	0	31.109636	search
56    0	941	0	29.550419	search
56    0	970	0	29.499657	search
56    0	998	0	28.69082	search
56    0	282	0	26.910004	search
56    0	848	0	26.881594	search
56    0	990	0	26.636042	search
56    0	388	0	26.352018	search
56    0	326	0	26.142359	search
56    0	872	0	26.132248	search
56    0	1448	0	25.775047	search
56    0	655	0	25.521254	search
56    0	209	0	25.099043	search
56    0	354	0	24.590614	search
56    0	1419	0	24.25645	search
56    0	299	0	23.976185	search
56    0	1395	0	23.941025	search
56    0	276	0	22.25142	search
56    0	940	0	22.06247	search
57    0	848	0	44.857986	search
57    0	1230	0	36.382862	search
57    0	480	0	36.357872	search
57    0	990	0	34.75558	search
57    0	1366	0	34.11349	search
57    0	746	0	33.40294	search
57    0	326	0	32.589237	search
57    0	798	0	31.541563	search
57    0	1024	0	31.302675	search
57    0	333	0	31.06842	search
57    0	1395	0	30.108194	search
57    0	1215	0	29.90693	search
57    0	1216	0	28.87494	search
57    0	136	0	28.379946	search
57    0	970	0	28.258871	search
57    0	90	0	28.223408	search
57    0	1091	0	27.98518	search
57    0	276	0	27.665066	search
57    0	928	0	27.635277	search
57    0	1196	0	26.863398	search
58    0	140	0	48.83744	search
58    0	884	0	47.34559	search
58    0	126	0	46.60785	search
58    0	1043	0	45.783592	search
58    0	136	0	44.216778	search
58    0	1011	0	43.080494	search
58    0	408	0	42.999706	search
58    0	1149	0	42.350304	search
58    0	947	0	41.768383	search
58    0	885	0	41.321415	search
58    0	17	0	41.299686	search
58    0	123	0	40.6269	search
58    0	584	0	39.92564	search
58    0	96	0	38.979477	search
58    0	879	0	38.738205	search
58    0	955	0	38.505844	search
58    0	645	0	38.286884	search
58    0	376	0	38.272125	search
58    0	1248	0	37.85695	search
58    0	1416	0	36.948174	search
59    0	492	0	79.765396	search
59    0	806	0	76.193535	search
59    0	523	0	69.30909	search
59    0	894	0	65.024704	search
59    0	636	0	62.246872	search
59    0	702	0	62.23238	search
59    0	820	0	60.805542	search
59    0	61	0	59.69589	search
59    0	603	0	59.416378	search
59    0	486	0	58.19555	search
59    0	487	0	57.239746	search
59    0	595	0	56.62304	search
59    0	810	0	54.01227	search
59    0	813	0	53.795685	search
59    0	586	0	53.569916	search
59    0	625	0	53.28801	search
59    0	510	0	53.22695	search
59    0	390	0	52.729313	search
59    0	659	0	52.430992	search
59    0	1124	0	52.40764	search
60    0	523	0	102.871056	search
60    0	486	0	97.58694	search
60    0	632	0	89.065285	search
60    0	61	0	83.80001	search
60    0	487	0	83.32592	search
60    0	956	0	81.48161	search
60    0	492	0	81.24966	search
60    0	660	0	79.135895	search
60    0	806	0	77.51085	search
60    0	813	0	76.7505	search
60    0	894	0	75.43091	search
60    0	1274	0	74.1259	search
60    0	50	0	71.29532	search
60    0	568	0	70.57004	search
60    0	962	0	70.5487	search
60    0	762	0	69.57392	search
60    0	528	0	69.32718	search
60    0	1418	0	68.41232	search
60    0	70	0	67.32638	search
60    0	636	0	66.902565	search
61    0	606	0	44.446373	search
61    0	518	0	41.550995	search
61    0	579	0	41.53228	search
61    0	1327	0	40.946667	search
61    0	483	0	36.59443	search
61    0	165	0	34.232582	search
61    0	682	0	33.95349	search
61    0	175	0	33.261757	search
61    0	1120	0	33.249702	search
61    0	487	0	33.224987	search
61    0	612	0	33.216892	search
61    0	451	0	32.72583	search
61    0	594	0	32.204697	search
61    0	448	0	32.11448	search
61    0	179	0	31.655125	search
61    0	637	0	30.977192	search
61    0	508	0	30.68954	search
61    0	378	0	30.674831	search
61    0	1091	0	30.386505	search
61    0	523	0	30.347534	search
62    0	455	0	64.98471	search
62    0	464	0	63.255733	search
62    0	430	0	52.01276	search
62    0	810	0	48.758205	search
62    0	443	0	47.21066	search
62    0	54	0	45.901592	search
62    0	81	0	45.69997	search
62    0	745	0	45.198914	search
62    0	773	0	44.647633	search
62    0	319	0	43.863678	search
62    0	446	0	43.187977	search
62    0	660	0	43.13497	search
62    0	562	0	40.45308	search
62    0	1230	0	40.397907	search
62    0	1363	0	39.496113	search
62    0	739	0	38.467464	search
62    0	61	0	37.919956	search
62    0	825	0	34.415104	search
62    0	449	0	33.911552	search
62    0	390	0	33.468315	search
63    0	1375	0	64.19413	search
63    0	309	0	63.950344	search
63    0	523	0	55.62311	search
63    0	593	0	54.408253	search
63    0	158	0	54.133278	search
63    0	779	0	52.758266	search
63    0	512	0	52.67761	search
63    0	594	0	52.625736	search
63    0	467	0	50.153156	search
63    0	72	0	49.159992	search
63    0	634	0	48.96993	search
63    0	809	0	48.19637	search
63    0	617	0	48.10778	search
63    0	529	0	48.01106	search
63    0	1143	0	47.983353	search
63    0	1376	0	47.59839	search
63    0	703	0	47.27127	search
63    0	425	0	45.82275	search
63    0	582	0	45.573643	search
63    0	603	0	45.498714	search
64    0	313	0	39.892414	search
64    0	1314	0	32.231243	search
64    0	1023	0	31.310045	search
64    0	1274	0	30.897346	search
64    0	977	0	29.411598	search
64    0	1188	0	28.944973	search
64    0	541	0	28.926622	search
64    0	665	0	28.621431	search
64    0	746	0	28.385967	search
64    0	825	0	28.082788	search
64    0	1014	0	28.043518	search
64    0	577	0	27.854538	search
64    0	635	0	27.84377	search
64    0	1419	0	27.322367	search
64    0	982	0	26.907082	search
64    0	104	0	26.812063	search
64    0	355	0	26.722374	search
64    0	1065	0	26.585463	search
64    0	988	0	26.448635	search
64    0	944	0	26.138687	search
65    0	448	0	98.087715	search
65    0	509	0	96.2647	search
65    0	487	0	71.419525	search
65    0	483	0	70.8941	search
65    0	566	0	70.261696	search
65    0	577	0	68.20067	search
65    0	518	0	67.86946	search
65    0	575	0	67.37528	search
65    0	486	0	64.153	search
65    0	1124	0	63.588432	search
65    0	603	0	62.844902	search
65    0	62	0	62.357746	search
65    0	61	0	62.032867	search
65    0	523	0	61.692135	search
65    0	894	0	60.398216	search
65    0	309	0	57.629345	search
65    0	576	0	56.94312	search
65    0	71	0	56.784966	search
65    0	661	0	56.331493	search
65    0	660	0	56.26853	search
66    0	947	0	47.79707	search
66    0	1367	0	41.947647	search
66    0	1303	0	41.459732	search
66    0	218	0	40.958824	search
66    0	885	0	38.85544	search
66    0	375	0	38.421	search
66    0	376	0	38.174416	search
66    0	529	0	36.309845	search
66    0	916	0	35.433178	search
66    0	141	0	35.375797	search
66    0	1013	0	35.19389	search
66    0	1362	0	33.317554	search
66    0	528	0	32.029736	search
66    0	967	0	31.566912	search
66    0	823	0	31.060236	search
66    0	248	0	30.927917	search
66    0	119	0	30.800358	search
66    0	140	0	30.50158	search
66    0	1376	0	29.799213	search
66    0	512	0	29.74329	search
67    0	564	0	115.56609	search
67    0	677	0	110.49712	search
67    0	830	0	107.96054	search
67    0	643	0	102.50354	search
67    0	1124	0	99.63453	search
67    0	421	0	94.54327	search
67    0	820	0	94.46794	search
67    0	661	0	93.51633	search
67    0	671	0	92.55024	search
67    0	446	0	92.45249	search
67    0	692	0	90.035164	search
67    0	522	0	89.72876	search
67    0	702	0	89.28774	search
67    0	483	0	87.53	search
67    0	666	0	86.05573	search
67    0	79	0	85.75708	search
67    0	45	0	84.85164	search
67    0	659	0	84.40922	search
67    0	1248	0	84.22287	search
67    0	1144	0	83.60787	search
68    0	570	0	83.280075	search
68    0	562	0	72.10442	search
68    0	820	0	68.733475	search
68    0	660	0	67.33296	search
68    0	608	0	66.90993	search
68    0	503	0	65.115204	search
68    0	643	0	64.809494	search
68    0	446	0	64.648575	search
68    0	894	0	64.45919	search
68    0	479	0	63.93154	search
68    0	812	0	63.75576	search
68    0	448	0	63.068363	search
68    0	661	0	62.846466	search
68    0	1421	0	61.342613	search
68    0	522	0	60.384678	search
68    0	52	0	58.0706	search
68    0	86	0	57.410084	search
68    0	1431	0	57.299927	search
68    0	1419	0	56.84186	search
68    0	72	0	56.81976	search
69    0	798	0	63.04927	search
69    0	151	0	62.348583	search
69    0	511	0	61.09262	search
69    0	501	0	59.984573	search
69    0	530	0	59.54416	search
69    0	739	0	59.341778	search
69    0	212	0	57.829235	search
69    0	1073	0	54.223755	search
69    0	390	0	53.12469	search
69    0	606	0	52.292355	search
69    0	1118	0	50.530025	search
69    0	873	0	49.22265	search
69    0	30	0	48.902584	search
69    0	1421	0	48.8688	search
69    0	643	0	47.9512	search
69    0	508	0	47.55992	search
69    0	773	0	46.542282	search
69    0	442	0	46.47537	search
69    0	1091	0	46.42117	search
69    0	848	0	46.282215	search
70    0	572	0	100.71683	search
70    0	151	0	89.97831	search
70    0	948	0	89.41685	search
70    0	1038	0	89.335	search
70    0	593	0	88.39332	search
70    0	1040	0	84.81158	search
70    0	140	0	84.78062	search
70    0	291	0	77.53375	search
70    0	408	0	76.57127	search
70    0	74	0	76.16259	search
70    0	378	0	75.27534	search
70    0	1407	0	74.49573	search
70    0	1183	0	73.49327	search
70    0	1402	0	71.75722	search
70    0	575	0	71.63746	search
70    0	373	0	71.25292	search
70    0	982	0	70.94615	search
70    0	1207	0	69.48765	search
70    0	823	0	68.159676	search
70    0	606	0	67.832184	search
71    0	666	0	97.88955	search
71    0	1124	0	88.80889	search
71    0	499	0	85.290215	search
71    0	483	0	83.06462	search
71    0	820	0	66.6544	search
71    0	448	0	63.157825	search
71    0	363	0	61.895374	search
71    0	1054	0	60.949932	search
71    0	317	0	60.550034	search
71    0	1281	0	60.490475	search
71    0	68	0	59.461487	search
71    0	420	0	58.12793	search
71    0	175	0	58.09195	search
71    0	1118	0	58.04601	search
71    0	136	0	58.018646	search
71    0	643	0	57.434307	search
71    0	661	0	55.882614	search
71    0	821	0	55.445118	search
71    0	566	0	55.100792	search
71    0	825	0	54.56966	search
72    0	636	0	127.84963	search
72    0	68	0	90.631485	search
72    0	478	0	73.26434	search
72    0	603	0	71.051285	search
72    0	523	0	70.3913	search
72    0	595	0	69.38327	search
72    0	1419	0	68.44229	search
72    0	807	0	68.32012	search
72    0	487	0	67.70277	search
72    0	820	0	67.631065	search
72    0	1175	0	66.95444	search
72    0	1091	0	66.50607	search
72    0	894	0	66.02306	search
72    0	71	0	65.68218	search
72    0	806	0	65.58472	search
72    0	810	0	65.4918	search
72    0	495	0	65.29347	search
72    0	813	0	64.94492	search
72    0	492	0	64.2665	search
72    0	65	0	64.01704	search
73    0	1118	0	78.760086	search
73    0	1124	0	77.48969	search
73    0	318	0	76.02528	search
73    0	737	0	68.57951	search
73    0	1197	0	64.14866	search
73    0	871	0	63.106533	search
73    0	1171	0	58.937916	search
73    0	1175	0	56.615597	search
73    0	321	0	56.31145	search
73    0	876	0	54.93552	search
73    0	511	0	54.870243	search
73    0	1419	0	54.79664	search
73    0	702	0	54.520325	search
73    0	478	0	54.178	search
73    0	329	0	52.23737	search
73    0	508	0	52.232697	search
73    0	1091	0	50.993546	search
73    0	806	0	49.661663	search
73    0	835	0	49.121655	search
73    0	1252	0	49.05413	search
74    0	211	0	61.766464	search
74    0	947	0	60.283974	search
74    0	218	0	56.88215	search
74    0	375	0	55.424145	search
74    0	885	0	54.816067	search
74    0	119	0	52.67697	search
74    0	1013	0	51.725967	search
74    0	972	0	51.67829	search
74    0	823	0	51.37095	search
74    0	654	0	51.322582	search
74    0	854	0	50.228497	search
74    0	1011	0	49.981228	search
74    0	916	0	49.673885	search
74    0	1146	0	48.78221	search
74    0	884	0	47.723133	search
74    0	1198	0	46.44294	search
74    0	141	0	46.378788	search
74    0	1342	0	45.821594	search
74    0	220	0	45.0366	search
74    0	122	0	44.74118	search
75    0	1427	0	42.335045	search
75    0	310	0	27.40653	search
75    0	317	0	27.041384	search
75    0	168	0	26.74598	search
75    0	68	0	25.067097	search
75    0	641	0	24.849485	search
75    0	572	0	24.616623	search
75    0	1185	0	23.988956	search
75    0	84	0	23.70681	search
75    0	636	0	23.133406	search
75    0	530	0	22.570742	search
75    0	571	0	22.177567	search
75    0	419	0	21.537601	search
75    0	802	0	21.366457	search
75    0	909	0	21.260023	search
75    0	477	0	21.11053	search
75    0	1449	0	21.061125	search
75    0	136	0	20.707985	search
75    0	1259	0	20.24504	search
75    0	838	0	20.171516	search
76    0	1011	0	51.66193	search
76    0	211	0	47.301952	search
76    0	352	0	37.79331	search
76    0	983	0	35.993397	search
76    0	1236	0	35.68444	search
76    0	950	0	34.43825	search
76    0	126	0	33.72997	search
76    0	1397	0	33.102436	search
76    0	1020	0	32.815876	search
76    0	854	0	32.294975	search
76    0	947	0	32.26563	search
76    0	1247	0	31.992329	search
76    0	11	0	31.983513	search
76    0	884	0	31.955519	search
76    0	654	0	31.914162	search
76    0	842	0	31.253624	search
76    0	140	0	31.182457	search
76    0	82	0	30.546965	search
76    0	220	0	30.535116	search
76    0	1425	0	30.419886	search
77    0	820	0	48.815575	search
77    0	746	0	43.826725	search
77    0	492	0	42.40319	search
77    0	894	0	41.89255	search
77    0	702	0	40.752678	search
77    0	659	0	39.361828	search
77    0	603	0	37.447445	search
77    0	526	0	36.875114	search
77    0	486	0	36.76	search
77    0	813	0	36.466206	search
77    0	1175	0	36.18844	search
77    0	731	0	35.891216	search
77    0	845	0	35.532196	search
77    0	726	0	35.525005	search
77    0	480	0	34.538612	search
77    0	483	0	34.487408	search
77    0	810	0	34.31108	search
77    0	44	0	34.123398	search
77    0	71	0	34.070812	search
77    0	1091	0	33.924706	search
78    0	397	0	30.849508	search
78    0	660	0	30.179394	search
78    0	277	0	29.279305	search
78    0	263	0	29.144386	search
78    0	511	0	29.022608	search
78    0	761	0	27.946903	search
78    0	1427	0	27.753223	search
78    0	168	0	27.200556	search
78    0	61	0	25.897211	search
78    0	838	0	25.380413	search
78    0	445	0	25.101227	search
78    0	396	0	24.45475	search
78    0	776	0	24.421392	search
78    0	379	0	24.27244	search
78    0	1163	0	24.134418	search
78    0	67	0	23.862762	search
78    0	1073	0	23.40238	search
78    0	1129	0	23.388573	search
78    0	128	0	23.35768	search
78    0	747	0	22.522142	search
79    0	450	0	58.884	search
79    0	706	0	50.21092	search
79    0	487	0	46.53886	search
79    0	708	0	43.701664	search
79    0	680	0	43.257706	search
79    0	523	0	43.230457	search
79    0	1124	0	40.711983	search
79    0	1366	0	37.54704	search
79    0	512	0	36.480675	search
79    0	956	0	35.89357	search
79    0	615	0	35.657215	search
79    0	1171	0	35.319565	search
79    0	700	0	34.398846	search
79    0	1417	0	34.282276	search
79    0	500	0	33.941074	search
79    0	565	0	33.80885	search
79    0	341	0	33.3757	search
79    0	704	0	33.19121	search
79    0	875	0	33.17469	search
79    0	1327	0	33.08644	search
80    0	759	0	84.29822	search
80    0	631	0	78.05665	search
80    0	748	0	71.63313	search
80    0	778	0	68.50463	search
80    0	1090	0	65.70593	search
80    0	552	0	63.40733	search
80    0	1416	0	62.22544	search
80    0	649	0	60.95658	search
80    0	229	0	60.115177	search
80    0	605	0	57.38709	search
80    0	821	0	56.993885	search
80    0	106	0	56.434723	search
80    0	1196	0	55.030533	search
80    0	751	0	54.751995	search
80    0	79	0	53.307102	search
80    0	167	0	53.08302	search
80    0	765	0	51.943375	search
80    0	1418	0	51.23106	search
80    0	76	0	49.819935	search
80    0	744	0	49.54854	search
81    0	1323	0	87.60962	search
81    0	35	0	74.11798	search
81    0	1171	0	58.900616	search
81    0	175	0	57.761215	search
81    0	350	0	54.690006	search
81    0	779	0	54.58899	search
81    0	179	0	52.522774	search
81    0	497	0	51.357338	search
81    0	1399	0	49.857006	search
81    0	459	0	48.32772	search
81    0	376	0	47.2934	search
81    0	572	0	47.096268	search
81    0	336	0	46.489677	search
81    0	1027	0	46.440784	search
81    0	140	0	45.86888	search
81    0	122	0	44.71462	search
81    0	67	0	44.511673	search
81    0	883	0	44.28407	search
81    0	884	0	43.913013	search
81    0	528	0	43.657394	search
82    0	310	0	56.088936	search
82    0	25	0	54.786026	search
82    0	590	0	47.0612	search
82    0	641	0	46.251133	search
82    0	516	0	45.01339	search
82    0	1175	0	44.592358	search
82    0	397	0	44.580334	search
82    0	805	0	44.402626	search
82    0	478	0	42.958076	search
82    0	1419	0	42.847076	search
82    0	804	0	42.426624	search
82    0	595	0	42.40348	search
82    0	575	0	42.236828	search
82    0	1039	0	41.51768	search
82    0	817	0	41.01003	search
82    0	176	0	40.76149	search
82    0	73	0	40.22294	search
82    0	1027	0	39.900326	search
82    0	320	0	39.74342	search
82    0	515	0	38.647053	search
83    0	350	0	75.95416	search
83    0	7	0	67.305435	search
83    0	1211	0	62.900585	search
83    0	529	0	55.826126	search
83    0	617	0	55.009617	search
83    0	1418	0	52.383217	search
83    0	703	0	51.225025	search
83    0	136	0	51.1875	search
83    0	420	0	47.58847	search
83    0	309	0	47.428078	search
83    0	773	0	47.09857	search
83    0	737	0	46.958164	search
83    0	637	0	46.221992	search
83    0	422	0	45.05141	search
83    0	207	0	43.937565	search
83    0	1361	0	43.773884	search
83    0	74	0	43.750065	search
83    0	879	0	43.461296	search
83    0	594	0	43.414566	search
83    0	855	0	43.314278	search
84    0	523	0	61.039696	search
84    0	810	0	58.57387	search
84    0	486	0	56.890224	search
84    0	603	0	55.382362	search
84    0	448	0	55.129795	search
84    0	487	0	51.01322	search
84    0	1124	0	50.361874	search
84    0	492	0	48.981174	search
84    0	754	0	48.662502	search
84    0	564	0	48.44425	search
84    0	660	0	48.27722	search
84    0	446	0	46.4084	search
84    0	806	0	46.286346	search
84    0	659	0	45.718494	search
84    0	608	0	45.054325	search
84    0	519	0	43.40674	search
84    0	785	0	43.16834	search
84    0	894	0	43.1204	search
84    0	309	0	41.739285	search
84    0	479	0	41.603725	search
85    0	1427	0	95.00114	search
85    0	595	0	76.21309	search
85    0	706	0	74.25374	search
85    0	317	0	73.29416	search
85    0	134	0	69.74926	search
85    0	399	0	69.36361	search
85    0	528	0	67.52152	search
85    0	228	0	67.43956	search
85    0	512	0	66.32083	search
85    0	553	0	65.94822	search
85    0	1416	0	65.53668	search
85    0	572	0	64.102776	search
85    0	825	0	62.85221	search
85    0	579	0	61.750935	search
85    0	637	0	61.64751	search
85    0	445	0	60.922638	search
85    0	1418	0	60.807743	search
85    0	575	0	60.671627	search
85    0	1175	0	60.118015	search
85    0	1124	0	59.65421	search
86    0	862	0	59.18513	search
86    0	808	0	57.642338	search
86    0	820	0	47.363773	search
86    0	587	0	45.508762	search
86    0	1117	0	45.138153	search
86    0	596	0	44.649895	search
86    0	425	0	43.993866	search
86    0	317	0	43.225037	search
86    0	419	0	42.685097	search
86    0	923	0	41.06193	search
86    0	516	0	40.762978	search
86    0	1327	0	40.18311	search
86    0	451	0	38.271748	search
86    0	1416	0	38.176037	search
86    0	1419	0	37.133144	search
86    0	1298	0	36.14437	search
86    0	769	0	35.596523	search
86    0	380	0	35.5964	search
86    0	409	0	35.142014	search
86    0	479	0	35.03587	search
87    0	534	0	114.67013	search
87    0	892	0	69.6372	search
87    0	1252	0	68.13581	search
87    0	617	0	66.49342	search
87    0	822	0	66.394615	search
87    0	1043	0	64.23011	search
87    0	880	0	63.35244	search
87    0	523	0	59.73149	search
87    0	579	0	59.698708	search
87    0	993	0	59.400677	search
87    0	897	0	59.31258	search
87    0	884	0	59.312218	search
87    0	497	0	57.914906	search
87    0	490	0	56.486996	search
87    0	970	0	56.027126	search
87    0	1417	0	55.26171	search
87    0	815	0	55.09675	search
87    0	528	0	54.929455	search
87    0	1230	0	54.79624	search
87    0	145	0	54.175755	search
88    0	317	0	76.15284	search
88    0	637	0	49.940113	search
88    0	755	0	49.19823	search
88    0	434	0	48.44318	search
88    0	1024	0	48.143166	search
88    0	530	0	47.981213	search
88    0	445	0	47.582756	search
88    0	396	0	47.159424	search
88    0	1327	0	46.691936	search
88    0	1427	0	46.212364	search
88    0	19	0	45.7729	search
88    0	1164	0	45.48924	search
88    0	609	0	45.233646	search
88    0	1162	0	45.024563	search
88    0	1124	0	44.40114	search
88    0	168	0	44.365524	search
88    0	1139	0	44.166786	search
88    0	390	0	43.877342	search
88    0	814	0	41.146317	search
88    0	572	0	41.047928	search
89    0	145	0	59.61577	search
89    0	579	0	53.112072	search
89    0	591	0	52.615692	search
89    0	490	0	49.58155	search
89    0	534	0	47.33702	search
89    0	1377	0	44.85643	search
89    0	158	0	44.414658	search
89    0	496	0	41.253883	search
89    0	842	0	40.39013	search
89    0	126	0	39.767296	search
89    0	1366	0	39.49941	search
89    0	813	0	39.386093	search
89    0	1415	0	38.771057	search
89    0	629	0	38.423466	search
89    0	575	0	37.860615	search
89    0	584	0	37.7975	search
89    0	497	0	37.20383	search
89    0	1091	0	37.02262	search
89    0	727	0	36.90874	search
89    0	523	0	36.827843	search
90    0	838	0	118.1494	search
90    0	399	0	116.07968	search
90    0	641	0	115.866806	search
90    0	610	0	113.2166	search
90    0	107	0	112.36809	search
90    0	972	0	111.638824	search
90    0	478	0	110.356064	search
90    0	89	0	109.96479	search
90    0	781	0	106.20507	search
90    0	1140	0	105.64668	search
90    0	660	0	103.12762	search
90    0	445	0	102.94421	search
90    0	1340	0	101.92084	search
90    0	533	0	101.88178	search
90    0	795	0	101.739746	search
90    0	1274	0	101.39325	search
90    0	1418	0	100.715775	search
90    0	1291	0	100.60726	search
90    0	173	0	100.283394	search
90    0	1346	0	98.16136	search
91    0	613	0	94.959076	search
91    0	448	0	83.117134	search
91    0	1274	0	82.63992	search
91    0	665	0	81.15151	search
91    0	89	0	80.84069	search
91    0	487	0	80.73038	search
91    0	632	0	78.84238	search
91    0	788	0	76.78879	search
91    0	562	0	76.09954	search
91    0	71	0	73.63505	search
91    0	1277	0	73.20145	search
91    0	26	0	72.38797	search
91    0	503	0	71.57533	search
91    0	1054	0	70.62298	search
91    0	1090	0	69.43628	search
91    0	47	0	69.104744	search
91    0	68	0	67.6733	search
91    0	1072	0	67.58043	search
91    0	88	0	66.79429	search
91    0	650	0	66.719986	search
92    0	520	0	58.665546	search
92    0	726	0	42.034855	search
92    0	813	0	39.227398	search
92    0	380	0	32.148697	search
92    0	507	0	31.920998	search
92    0	371	0	31.635265	search
92    0	1197	0	29.072636	search
92    0	1415	0	25.764853	search
92    0	145	0	25.273056	search
92    0	129	0	24.665995	search
92    0	709	0	23.8522	search
92    0	958	0	23.814707	search
92    0	614	0	22.881302	search
92    0	1091	0	22.344225	search
92    0	559	0	22.288273	search
92    0	601	0	22.106247	search
92    0	3	0	21.777126	search
92    0	403	0	21.446268	search
92    0	883	0	21.236244	search
92    0	656	0	21.14822	search
93    0	520	0	74.405815	search
93    0	726	0	72.159966	search
93    0	894	0	72.02996	search
93    0	483	0	67.31089	search
93    0	813	0	66.13151	search
93    0	1124	0	65.38109	search
93    0	608	0	62.821022	search
93    0	448	0	61.688107	search
93    0	86	0	60.577484	search
93    0	71	0	60.14467	search
93    0	596	0	58.29886	search
93    0	695	0	57.038094	search
93    0	576	0	56.549534	search
93    0	507	0	56.238	search
93    0	720	0	55.54443	search
93    0	661	0	53.09614	search
93    0	485	0	52.97845	search
93    0	43	0	52.00541	search
93    0	1327	0	51.89468	search
93    0	488	0	50.899696	search
94    0	490	0	40.67672	search
94    0	461	0	37.18408	search
94    0	1136	0	36.89794	search
94    0	458	0	36.520744	search
94    0	538	0	36.520744	search
94    0	492	0	35.14271	search
94    0	528	0	35.00895	search
94    0	706	0	34.983345	search
94    0	376	0	34.35239	search
94    0	309	0	34.187435	search
94    0	960	0	33.99221	search
94    0	129	0	33.95206	search
94    0	644	0	33.512875	search
94    0	597	0	32.97412	search
94    0	1375	0	32.957012	search
94    0	512	0	32.877666	search
94    0	1078	0	32.43928	search
94    0	611	0	32.37209	search
94    0	531	0	31.74194	search
94    0	1255	0	31.61187	search
95    0	54	0	72.5028	search
95    0	739	0	59.162014	search
95    0	319	0	57.239883	search
95    0	531	0	56.410152	search
95    0	810	0	52.204323	search
95    0	446	0	52.025864	search
95    0	659	0	51.550407	search
95    0	1230	0	48.22499	search
95    0	1415	0	48.021454	search
95    0	512	0	47.51121	search
95    0	790	0	41.66635	search
95    0	838	0	41.381706	search
95    0	895	0	41.1857	search
95    0	198	0	40.40762	search
95    0	824	0	40.246105	search
95    0	523	0	39.83866	search
95    0	219	0	38.09834	search
95    0	714	0	37.74133	search
95    0	519	0	37.366356	search
95    0	77	0	37.087234	search
96    0	523	0	43.2318	search
96    0	575	0	37.01183	search
96    0	460	0	36.562492	search
96    0	659	0	34.08637	search
96    0	779	0	32.60516	search
96    0	486	0	32.574886	search
96    0	731	0	31.775288	search
96    0	795	0	31.677752	search
96    0	660	0	31.039936	search
96    0	606	0	30.332819	search
96    0	233	0	30.232656	search
96    0	1327	0	29.915613	search
96    0	492	0	29.833727	search
96    0	531	0	29.134224	search
96    0	319	0	28.85121	search
96    0	140	0	28.78652	search
96    0	810	0	28.686533	search
96    0	518	0	28.54189	search
96    0	446	0	28.354399	search
96    0	956	0	28.1662	search
97    0	531	0	77.427864	search
97    0	77	0	76.86023	search
97    0	446	0	71.42644	search
97    0	448	0	70.68138	search
97    0	1415	0	69.84001	search
97    0	659	0	65.82807	search
97    0	606	0	64.58874	search
97    0	486	0	62.021324	search
97    0	523	0	60.785248	search
97    0	706	0	60.512154	search
97    0	820	0	58.333683	search
97    0	1421	0	57.03206	search
97    0	500	0	56.71997	search
97    0	660	0	56.63006	search
97    0	603	0	56.256893	search
97    0	790	0	55.64672	search
97    0	824	0	54.721733	search
97    0	508	0	54.13104	search
97    0	512	0	53.56597	search
97    0	54	0	52.93796	search
98    0	594	0	92.05621	search
98    0	451	0	86.38586	search
98    0	546	0	82.737495	search
98    0	606	0	82.63236	search
98    0	626	0	81.74535	search
98    0	648	0	80.44232	search
98    0	728	0	74.52203	search
98    0	124	0	72.835655	search
98    0	1367	0	68.24478	search
98    0	1013	0	66.26935	search
98    0	1368	0	65.13696	search
98    0	218	0	56.610966	search
98    0	378	0	54.59474	search
98    0	123	0	53.47102	search
98    0	484	0	52.422504	search
98    0	547	0	51.874527	search
98    0	497	0	51.759106	search
98    0	250	0	51.410282	search
98    0	512	0	50.906593	search
98    0	660	0	49.39165	search
99    0	579	0	67.7203	search
99    0	648	0	67.17779	search
99    0	594	0	65.38713	search
99    0	626	0	65.23975	search
99    0	546	0	64.9406	search
99    0	523	0	64.30757	search
99    0	728	0	60.693584	search
99    0	1368	0	59.833576	search
99    0	625	0	55.567627	search
99    0	451	0	55.065422	search
99    0	1120	0	54.09584	search
99    0	309	0	53.717907	search
99    0	637	0	51.31728	search
99    0	606	0	51.022285	search
99    0	595	0	49.73701	search
99    0	610	0	49.323746	search
99    0	502	0	49.063663	search
99    0	575	0	48.293488	search
99    0	773	0	48.21523	search
99    0	608	0	48.05452	search
100    0	375	0	49.433388	search
100    0	376	0	49.006676	search
100    0	534	0	39.26346	search
100    0	916	0	36.78143	search
100    0	1175	0	36.33366	search
100    0	644	0	35.43061	search
100    0	591	0	34.17198	search
100    0	590	0	32.600388	search
100    0	180	0	32.33196	search
100    0	1136	0	32.134224	search
100    0	1124	0	31.494396	search
100    0	131	0	31.391258	search
100    0	136	0	31.342163	search
100    0	883	0	30.897146	search
100    0	572	0	30.8392	search
100    0	1120	0	30.57771	search
100    0	716	0	30.50486	search
100    0	795	0	30.451918	search
100    0	1012	0	30.431696	search
100    0	579	0	30.42927	search
101    0	1089	0	52.545345	search
101    0	375	0	52.452316	search
101    0	309	0	51.793354	search
101    0	704	0	51.629387	search
101    0	180	0	50.319183	search
101    0	378	0	49.057255	search
101    0	461	0	48.490498	search
101    0	175	0	48.247307	search
101    0	1078	0	47.743153	search
101    0	1207	0	46.85688	search
101    0	805	0	46.66945	search
101    0	608	0	46.581852	search
101    0	1098	0	45.905605	search
101    0	664	0	45.57901	search
101    0	575	0	45.002563	search
101    0	637	0	44.939133	search
101    0	363	0	44.923573	search
101    0	562	0	44.436504	search
101    0	853	0	44.396442	search
101    0	590	0	44.335133	search
102    0	824	0	118.10669	search
102    0	812	0	109.35205	search
102    0	659	0	103.32895	search
102    0	894	0	97.17647	search
102    0	566	0	84.99061	search
102    0	660	0	84.31001	search
102    0	446	0	83.99306	search
102    0	489	0	83.91335	search
102    0	531	0	83.781235	search
102    0	562	0	82.52036	search
102    0	820	0	82.366394	search
102    0	805	0	80.2868	search
102    0	773	0	80.24017	search
102    0	28	0	78.89175	search
102    0	479	0	77.920845	search
102    0	643	0	77.5828	search
102    0	70	0	76.75231	search
102    0	329	0	76.31163	search
102    0	790	0	74.22267	search
102    0	1124	0	72.95223	search
103    0	993	0	25.135721	search
103    0	659	0	24.824566	search
103    0	512	0	24.773598	search
103    0	737	0	24.0685	search
103    0	1136	0	23.685	search
103    0	560	0	22.96704	search
103    0	1072	0	22.781153	search
103    0	1013	0	22.623161	search
103    0	44	0	22.501701	search
103    0	947	0	21.943619	search
103    0	562	0	21.7983	search
103    0	294	0	21.67831	search
103    0	797	0	21.435032	search
103    0	68	0	21.239483	search
103    0	637	0	21.208345	search
103    0	594	0	21.173716	search
103    0	606	0	21.145704	search
103    0	316	0	20.492506	search
103    0	446	0	20.238441	search
103    0	754	0	20.175528	search
104    0	894	0	74.88355	search
104    0	603	0	64.28533	search
104    0	1230	0	60.109837	search
104    0	486	0	56.318657	search
104    0	86	0	55.804398	search
104    0	562	0	55.289253	search
104    0	566	0	55.286324	search
104    0	479	0	53.811752	search
104    0	448	0	53.730362	search
104    0	810	0	52.22918	search
104    0	149	0	51.523586	search
104    0	659	0	51.44262	search
104    0	702	0	51.27071	search
104    0	660	0	50.306023	search
104    0	390	0	50.149784	search
104    0	512	0	49.985588	search
104    0	820	0	48.99612	search
104    0	738	0	47.690456	search
104    0	812	0	47.367207	search
104    0	531	0	47.063564	search
105    0	486	0	63.182396	search
105    0	82	0	52.804855	search
105    0	81	0	50.773647	search
105    0	894	0	48.432606	search
105    0	566	0	43.19858	search
105    0	1419	0	42.698154	search
105    0	523	0	41.094357	search
105    0	52	0	40.88016	search
105    0	472	0	40.006424	search
105    0	660	0	38.16905	search
105    0	61	0	38.01796	search
105    0	956	0	37.656616	search
105    0	500	0	37.51131	search
105    0	446	0	37.509445	search
105    0	519	0	37.43622	search
105    0	113	0	36.806488	search
105    0	89	0	36.794235	search
105    0	805	0	36.60161	search
105    0	571	0	36.557705	search
105    0	448	0	36.34876	search
106    0	523	0	105.89224	search
106    0	636	0	92.76738	search
106    0	1124	0	87.28196	search
106    0	813	0	86.99526	search
106    0	807	0	85.54765	search
106    0	702	0	85.08899	search
106    0	820	0	83.2844	search
106    0	514	0	82.62489	search
106    0	61	0	81.230354	search
106    0	79	0	79.23494	search
106    0	492	0	78.40917	search
106    0	1195	0	77.6961	search
106    0	595	0	77.2979	search
106    0	483	0	76.579666	search
106    0	534	0	76.44956	search
106    0	1120	0	75.45244	search
106    0	644	0	73.49612	search
106    0	35	0	72.657074	search
106    0	565	0	72.17832	search
106    0	1419	0	71.917816	search
107    0	86	0	85.32317	search
107    0	448	0	79.141754	search
107    0	1124	0	77.072044	search
107    0	486	0	73.35604	search
107    0	49	0	72.611855	search
107    0	1118	0	71.50681	search
107    0	596	0	70.142204	search
107    0	649	0	68.63434	search
107    0	488	0	66.897644	search
107    0	429	0	65.016174	search
107    0	608	0	64.72336	search
107    0	510	0	64.61528	search
107    0	523	0	64.090965	search
107    0	79	0	62.574364	search
107    0	575	0	62.22633	search
107    0	726	0	61.44135	search
107    0	802	0	61.370426	search
107    0	518	0	59.391975	search
107    0	661	0	58.307594	search
107    0	813	0	57.992775	search
108    0	648	0	54.086002	search
108    0	579	0	52.44339	search
108    0	728	0	50.567287	search
108    0	1207	0	49.61712	search
108    0	78	0	45.962082	search
108    0	637	0	45.929592	search
108    0	547	0	45.295883	search
108    0	512	0	44.63618	search
108    0	743	0	42.61104	search
108    0	601	0	42.579063	search
108    0	742	0	40.984978	search
108    0	1396	0	40.74433	search
108    0	191	0	39.83156	search
108    0	156	0	39.771374	search
108    0	612	0	39.371098	search
108    0	964	0	37.76654	search
108    0	502	0	37.577343	search
108    0	1120	0	37.56996	search
108    0	1078	0	37.540047	search
108    0	378	0	37.171455	search
109    0	89	0	91.79644	search
109    0	635	0	91.1291	search
109    0	52	0	86.870316	search
109    0	1274	0	85.23084	search
109    0	105	0	83.33281	search
109    0	1345	0	80.48781	search
109    0	729	0	79.80431	search
109    0	602	0	78.493706	search
109    0	664	0	77.414024	search
109    0	290	0	75.97059	search
109    0	155	0	75.40239	search
109    0	1090	0	74.25076	search
109    0	537	0	72.91895	search
109    0	76	0	72.79052	search
109    0	878	0	71.84497	search
109    0	613	0	71.206726	search
109    0	26	0	70.55423	search
109    0	358	0	68.86498	search
109    0	195	0	68.205284	search
109    0	139	0	67.872635	search
110    0	964	0	58.96796	search
110    0	400	0	50.379696	search
110    0	304	0	49.88543	search
110    0	151	0	49.42881	search
110    0	406	0	48.82008	search
110    0	979	0	47.816788	search
110    0	424	0	46.683323	search
110    0	497	0	46.363262	search
110    0	517	0	45.09961	search
110    0	341	0	41.91124	search
110    0	391	0	41.90507	search
110    0	136	0	41.100758	search
110    0	970	0	40.81365	search
110    0	178	0	39.90727	search
110    0	1072	0	39.06239	search
110    0	803	0	39.053917	search
110    0	916	0	38.44736	search
110    0	375	0	38.018723	search
110    0	150	0	37.92045	search
110    0	376	0	37.856503	search
111    0	448	0	71.87527	search
111    0	570	0	69.623146	search
111    0	485	0	64.112	search
111    0	566	0	64.02081	search
111    0	635	0	62.785347	search
111    0	422	0	59.30065	search
111    0	509	0	57.871857	search
111    0	576	0	57.431965	search
111    0	483	0	51.330822	search
111    0	608	0	46.458244	search
111    0	309	0	44.349117	search
111    0	49	0	44.19074	search
111    0	610	0	43.984028	search
111    0	1124	0	42.841095	search
111    0	1313	0	41.597134	search
111    0	562	0	40.88467	search
111    0	632	0	38.928596	search
111    0	488	0	38.921917	search
111    0	442	0	37.97919	search
111    0	479	0	37.645214	search
112    0	503	0	42.82342	search
112    0	853	0	35.55324	search
112    0	1419	0	35.19298	search
112    0	659	0	34.171944	search
112    0	483	0	33.53844	search
112    0	1124	0	33.41187	search
112    0	45	0	33.28565	search
112    0	1132	0	32.14867	search
112    0	576	0	31.926947	search
112    0	608	0	31.790222	search
112    0	79	0	31.661785	search
112    0	522	0	31.296032	search
112    0	1118	0	31.17467	search
112    0	446	0	30.349876	search
112    0	661	0	29.93078	search
112    0	488	0	29.853937	search
112    0	596	0	29.74555	search
112    0	663	0	29.499	search
112    0	562	0	29.38798	search
112    0	894	0	29.244873	search
